ts_ms,x,y,state
0,0.000,0.000,0
100,1.250,0.001,0
210,2.500,0.007,0
324,4.250,-0.025,0
435,5.500,-0.019,0
547,7.000,-0.024,0
660,8.500,0.029,0
772,9.500,0.002,0
884,11.250,0.060,0
996,12.500,-0.057,0
1108,14.000,0.057,0
1218,15.250,0.020,0
1330,16.750,-0.052,0
1442,18.000,-0.038,0
1555,19.500,-0.002,0
1666,21.000,0.016,0
1778,22.000,-0.067,0
1888,23.750,0.072,0
2000,25.000,-0.010,0
2109,26.250,0.033,0
2222,27.750,-0.033,0
2337,29.250,-0.013,0
2448,30.250,0.043,0
2561,32.000,-0.037,0
2671,33.250,-0.067,0
2783,34.750,-0.077,0
2897,35.480,0.000,2
3007,36.200,0.000,2
3119,36.920,0.000,2
3228,37.520,0.000,2
3337,38.120,0.000,2
3450,38.840,0.000,2
3563,39.560,0.000,2
3672,40.160,0.000,2
3786,40.880,0.000,2
3895,41.360,0.000,2
4006,42.080,0.000,2
4120,42.680,0.000,2
4231,43.520,0.000,2
4340,44.000,0.000,2
4453,44.840,0.000,2
4562,45.440,3.500,2
4675,46.160,3.500,2
4788,46.880,3.500,2
4900,47.360,3.500,2
5013,48.200,3.500,2
5124,48.800,3.500,2
5236,49.400,3.500,2
5346,50.240,3.500,2
5457,50.720,3.500,2
5568,51.560,3.500,2
5677,52.040,3.500,2
5786,52.880,3.500,2
5899,53.360,3.500,2
6009,54.200,3.500,2
6119,54.680,3.500,2
6230,55.520,3.500,2
6341,56.120,3.500,2
6453,56.840,3.500,2
6565,57.440,3.500,2
6675,58.040,3.500,2
6785,58.880,3.500,2
6895,59.360,3.500,2
7009,60.200,3.500,2
7119,60.800,3.500,2
7232,61.520,3.500,2
7345,62.000,3.500,2
7456,62.840,3.500,2
7567,63.440,3.500,2
7677,64.160,3.500,2
7786,64.640,3.500,2
7900,65.480,0.000,2
8010,66.080,0.000,2
8120,66.800,0.000,2
8230,67.400,0.000,2
8344,68.120,0.000,2
8454,68.720,0.000,2
8564,69.440,0.000,2
8675,70.040,0.000,2
8785,70.640,0.000,2
8898,71.480,0.000,2
9009,71.960,0.000,2
9119,72.800,0.000,2
9230,73.400,0.000,2
9339,74.120,0.000,2
9449,74.600,0.000,2
9563,75.830,-0.010,0
9673,77.080,-0.018,0
9784,78.580,-0.054,0
9892,79.830,0.054,0
10003,81.330,-0.011,0
10113,82.580,-0.018,0
10224,84.080,0.061,0
10336,85.580,-0.003,0
10447,86.580,-0.020,0
10556,88.080,0.013,0
10668,89.330,0.043,0
10779,90.830,-0.004,0
10889,92.330,-0.006,0
10999,93.580,0.002,0
11109,95.080,-0.028,0
11222,96.330,-0.049,0
11333,97.830,0.019,0
11445,99.330,0.030,0
11559,100.330,0.004,0
11669,102.080,-0.041,0
11780,103.330,-0.032,0
11893,104.830,-0.006,0
12006,106.330,0.040,0
12114,107.330,-0.030,0
12224,109.080,-0.025,0
12337,110.080,0.013,0
12446,111.830,0.054,0
12556,112.830,-0.000,0
12664,114.330,-0.007,0
12776,115.580,-0.028,0
12886,117.330,-0.019,0
12996,118.330,-0.034,0
13108,120.080,-0.056,0
13217,121.080,0.017,0
13328,122.830,-0.054,0
13438,124.080,-0.002,0
13549,125.580,-0.040,0
13661,126.830,0.032,0
13772,128.330,0.045,0
13882,129.580,-0.020,0
13996,131.080,-0.012,0
14107,132.330,0.020,0
14216,133.580,-0.093,0
14328,135.330,0.068,0
14439,136.580,-0.029,0
14548,138.080,0.071,0
14659,139.330,0.076,0
14772,140.830,0.040,0
14881,142.080,0.055,0
14992,143.580,0.017,0
15104,145.080,0.027,0
15216,146.080,0.006,0
15328,147.830,0.014,0
15442,149.080,-0.007,0
15551,150.280,-0.011,2
15663,150.880,-0.040,2
15774,151.280,-0.016,2
15887,151.980,0.012,2
15997,152.380,-0.011,2
16108,153.080,-0.004,2
16220,153.580,0.076,2
16331,154.180,0.029,2
16444,154.780,-0.030,2
16556,155.180,0.051,2
16666,155.880,-0.013,2
16777,156.280,-0.001,2
16888,156.980,-0.015,2
16997,157.380,0.001,2
17108,158.080,-0.023,2
17218,158.480,-0.015,2
17329,159.180,-0.011,2
17438,159.680,-0.033,2
17548,160.280,-0.022,2
17661,160.780,0.019,2
17773,161.380,0.040,2
17887,161.980,0.016,2
17996,162.380,-0.013,2
18107,163.080,-0.013,2
18217,163.480,-0.017,2
18325,164.080,0.001,2
18435,164.580,-0.024,2
18546,165.280,0.050,2
18659,165.680,-0.028,2
18771,166.380,0.014,2
18882,166.880,0.006,2
18992,167.480,0.041,2
19104,167.980,-0.031,2
19213,168.580,0.016,2
19324,169.080,0.007,2
19434,169.580,0.019,2
19542,170.180,0.016,2
19652,170.780,0.041,2
19762,171.180,0.055,2
19874,171.880,-0.025,2
19986,172.380,0.005,2
20099,172.880,-0.012,2
20208,173.580,0.001,2
20319,173.980,0.015,2
20427,174.680,0.054,2
20538,175.080,0.002,2
20651,175.780,0.025,2
20761,176.280,-0.017,2
20872,176.880,0.018,2
20982,177.380,-0.025,2
21094,177.980,-0.004,2
21205,178.480,-0.024,2
21317,179.080,-0.012,2
21426,179.680,0.004,2
21536,180.080,0.030,2
21647,181.830,0.010,0
21757,182.830,-0.032,0
21869,184.580,0.016,0
21979,185.580,-0.000,0
22089,187.330,-0.056,0
22198,188.330,-0.016,0
22308,190.080,0.015,0
22421,191.080,-0.026,0
22531,192.830,0.008,0
22641,193.830,0.002,0
22752,195.580,0.033,0
22864,196.830,-0.048,0
22976,198.330,0.071,0
23086,199.830,0.066,0
23199,200.830,-0.014,0
23312,202.580,0.053,0
23425,203.830,-0.002,0
23536,205.330,0.108,0
23648,206.830,0.040,0
23761,207.830,-0.047,0
23872,209.580,0.029,0
23981,210.830,0.003,0
24091,212.330,-0.016,0
24202,213.330,0.068,0
24317,215.080,0.031,0
24426,216.580,0.028,0
24538,217.580,0.068,0
24650,219.330,0.014,0
24759,220.330,0.025,0
24872,222.080,-0.024,0
24983,223.330,-0.008,0
25099,224.830,-0.022,0
25210,226.080,0.017,0
25321,227.330,-0.001,0
25433,229.080,-0.042,0
25542,230.330,0.045,0
25655,231.580,0.034,0
25767,232.830,0.028,0
25877,234.580,-0.008,0
25988,235.830,-0.032,0
26097,237.330,-0.042,0
26209,238.580,0.003,0
26322,240.080,0.003,0
26436,241.580,-0.033,0
26546,242.330,-0.028,0
26656,243.830,0.002,0
26767,245.580,-0.012,0
26875,246.580,0.019,0
26986,248.330,-0.014,0
27098,249.330,0.023,0
27208,251.080,0.015,0
27317,252.080,0.016,0
27427,253.830,-0.003,0
27539,254.830,0.012,0
27648,256.580,-0.040,0
27760,257.580,-0.018,0
27871,259.330,0.015,0
27981,260.330,-0.009,0
28092,262.080,0.068,0
28205,263.330,-0.066,0
28316,264.580,0.061,0
28426,266.330,0.032,0
28536,267.330,0.085,0
28648,269.080,0.020,0
28759,270.080,0.044,0
28871,271.830,0.033,0
28980,272.830,-0.036,0
29091,274.580,0.023,0
29205,275.830,-0.002,0
29315,277.080,0.060,0
29426,278.830,-0.002,0
29537,279.830,0.074,0
29647,281.580,0.001,0
29760,282.580,0.017,0
29868,284.330,0.061,0
29979,285.330,0.022,0
30090,287.080,-0.069,0
30202,288.330,-0.002,0
30315,289.830,0.012,0
30427,291.330,0.006,0
30538,292.330,-0.058,0
30649,294.080,0.054,0
30760,295.080,-0.007,0
30871,296.830,0.040,0
30981,298.080,-0.056,0
31090,299.580,0.032,0
31201,300.830,-0.036,0
31314,302.330,0.024,0
31426,303.580,0.031,0
31537,304.830,0.019,0
31648,306.580,0.027,0
31760,307.580,-0.011,0
31872,309.330,-0.030,0
31982,310.580,0.019,0
32094,312.080,-0.019,0
32206,313.330,0.026,0
32318,314.580,0.048,0
32426,316.080,0.030,0
32537,317.330,0.022,0
32647,318.830,-0.024,0
32758,320.080,0.021,0
32870,321.580,-0.083,0
32980,323.080,-0.024,0
33092,324.580,0.020,0
33201,325.830,0.001,0
33313,327.330,-0.044,0
33422,328.580,0.015,0
33533,329.830,-0.023,0
33642,331.330,0.000,0
33754,332.830,-0.015,0
33864,333.830,-0.060,0
33975,335.580,0.024,0
34086,336.580,0.007,0
34197,338.330,-0.025,0
34308,339.330,-0.027,0
34420,340.830,0.051,0
34531,342.330,-0.101,0
34644,343.830,0.023,0
34753,345.080,-0.017,0
34863,346.580,0.027,0
34974,348.080,-0.017,0
35086,349.080,0.060,0
35197,350.830,-0.060,0
35310,352.080,-0.035,0
35422,353.580,-0.085,0
35532,354.830,0.030,0
35643,356.330,0.047,0
35753,357.580,-0.036,0
35863,359.080,0.040,0
35976,360.580,0.025,0
36083,361.580,0.006,0
36193,363.080,0.026,0
36305,364.580,-0.003,0
36416,366.080,0.005,0
36527,367.080,-0.041,0
36636,368.830,0.048,0
36747,369.830,0.063,0
36858,371.330,0.016,0
36968,372.580,0.066,0
37080,373.830,0.001,0
37192,375.580,0.100,0
37303,376.830,0.013,0
37413,378.330,0.004,0
37526,379.580,0.010,0
37636,380.830,-0.013,0
37749,382.580,-0.000,0
37858,383.580,0.004,0
37970,385.330,0.012,0
38082,386.580,0.052,0
38194,388.080,0.028,0
38305,389.580,-0.057,0
38417,390.580,0.013,0
38527,392.080,-0.008,0
38636,393.330,-0.019,0
38746,395.080,-0.002,0
38858,396.080,-0.022,0
38967,397.580,0.023,0
39078,399.080,0.038,0
39188,400.080,-0.001,0
39302,401.830,0.031,0
39411,403.080,0.068,0
39520,404.580,-0.037,0
39632,405.830,-0.023,0
39741,407.330,-0.003,0
39851,408.580,-0.018,0
39961,410.080,0.016,0
40074,411.330,0.004,0
40185,412.830,-0.029,0
40298,414.330,-0.030,0
40410,415.330,0.015,0
40521,417.080,0.020,0
40631,418.330,0.006,0
40744,419.830,-0.016,0
40854,421.080,-0.011,0
40965,422.580,-0.026,0
41076,424.080,0.023,0
41187,425.080,-0.015,0
41300,426.830,-0.035,0
41411,427.830,0.034,0
41520,429.580,-0.032,0
41631,430.830,0.014,0
41743,432.330,0.008,0
41857,433.830,0.010,0
41966,434.830,0.030,0
42078,436.330,-0.040,0
42191,437.830,0.015,0
42302,438.830,-0.029,0
42412,440.580,-0.027,0
42520,441.580,-0.030,0
42630,443.080,-0.001,0
42740,444.330,-0.036,0
42852,446.080,-0.048,0
42965,447.330,0.080,0
43075,448.580,0.055,0
43186,450.080,-0.057,0
43297,451.330,0.039,0
43411,453.080,0.027,0
43520,454.080,0.010,0
43630,455.580,-0.015,0
43739,456.830,-0.015,0
43850,458.580,0.010,0
43962,459.830,0.004,0
44076,461.330,0.028,0
44186,462.580,-0.028,0
44298,464.080,0.012,0
44412,465.580,0.074,0
44521,466.830,-0.005,0
44633,468.330,-0.028,0
44747,469.830,0.022,0
44856,470.830,-0.006,0
44964,472.330,-0.012,0
