sample_id,execution_time_us
0,20
1,0
2,2
3,1
4,2
5,37
6,2
7,0
8,2
9,0
10,1
11,0
12,2
13,0
14,26
15,0
16,2
17,1
18,2
19,0
20,2
21,0
22,2
23,1
24,2
25,1
26,2
27,0
28,3
29,0
30,2
31,0
32,2
33,0
34,2
35,0
36,2
37,1
38,1
39,1
40,2
41,0
42,2
43,0
44,2
45,0
46,2
47,1
48,2
49,1
50,2
51,0
52,2
53,0
54,2
55,0
56,2
57,0
58,2
59,0
60,2
61,0
62,2
63,0
64,2
65,1
66,2
67,1
68,2
69,0
70,2
71,1
72,2
73,5
74,3
75,0
76,2
77,1
78,2
79,176
80,2
81,0
82,2
83,0
84,2
85,0
86,2
87,0
88,2
89,0
90,2
91,0
92,2
93,1
94,2
95,0
96,3
97,0
98,2
99,0
100,3
101,1
102,1
103,1
104,1
105,1
106,2
107,1
108,3
109,1
110,2
111,0
112,2
113,1
114,2
115,1
116,2
117,1
118,2
119,48
120,2
121,0
122,2
123,1
124,2
125,0
126,2
127,0
128,2
129,0
130,2
131,1
132,2
133,1
134,2
135,0
136,2
137,0
138,2
139,0
140,2
141,1
142,2
143,0
144,2
145,0
146,2
147,0
148,2
149,0
150,2
151,1
152,2
153,1
154,2
155,0
156,2
157,1
158,2
159,0
160,2
161,1
162,2
163,0
164,3
165,1
166,2
167,0
168,2
169,1
170,2
171,1
172,2
173,1
174,2
175,0
176,2
177,1
178,2
179,1
180,2
181,0
182,2
183,1
184,2
185,1
186,2
187,1
188,2
189,1
190,2
191,0
192,2
193,0
194,2
195,0
196,2
197,1
198,2
199,0
200,2
201,0
202,2
203,0
204,2
205,1
206,46
207,1
208,2
209,0
210,2
211,1
212,2
213,0
214,2
215,0
216,2
217,1
218,2
219,1
220,2
221,1
222,2
223,1
224,2
225,0
226,2
227,1
228,2
229,1
230,2
231,0
232,2
233,0
234,2
235,0
236,3
237,1
238,2
239,1
240,2
241,1
242,2
243,0
244,2
245,1
246,2
247,0
248,2
249,1
250,2
251,1
252,2
253,1
254,2
255,0
256,2
257,0
258,2
259,0
260,2
261,0
262,2
263,1
264,2
265,0
266,2
267,0
268,2
269,1
270,2
271,0
272,1
273,0
274,2
275,0
276,2
277,0
278,2
279,0
280,2
281,0
282,1
283,0
284,2
285,0
286,2
287,1
288,2
289,1
290,2
291,1
292,2
293,0
294,3
295,8
296,2
297,1
298,1
299,1
300,2
301,1
302,3
303,0
304,1
305,0
306,2
307,1
308,2
309,1
310,2
311,0
312,2
313,1
314,2
315,0
316,2
317,0
318,1
319,1
320,2
321,0
322,1
323,1
324,2
325,0
326,2
327,0
328,2
329,0
330,2
331,1
332,1
333,0
334,3
335,1
336,2
337,1
338,2
339,1
340,2
341,1
342,2
343,0
344,12
345,0
346,2
347,1
348,2
349,0
350,2
351,1
352,2
353,0
354,2
355,0
356,2
357,1
358,2
359,0
360,3
361,0
362,2
363,1
364,1
365,0
366,2
367,0
368,2
369,1
370,2
371,0
372,2
373,1
374,2
375,1
376,2
377,0
378,2
379,1
380,2
381,1
382,2
383,1
384,2
385,1
386,2
387,0
388,2
389,0
390,2
391,0
392,2
393,0
394,35
395,1
396,2
397,0
398,2
399,0
400,2
401,0
402,2
403,0
404,2
405,1
406,2
407,0
408,3
409,0
410,2
411,0
412,2
413,1
414,2
415,1
416,2
417,0
418,2
419,0
420,2
421,0
422,3
423,1
424,2
425,0
426,2
427,0
428,2
429,0
430,2
431,1
432,2
433,0
434,2
435,0
436,2
437,0
438,2
439,0
440,2
441,0
442,2
443,1
444,2
445,0
446,2
447,0
448,2
449,0
450,2
451,0
452,2
453,1
454,2
455,0
456,2
457,0
458,2
459,1
460,2
461,1
462,2
463,1
464,2
465,1
466,2
467,1
468,2
469,0
470,1
471,1
472,2
473,1
474,2
475,0
476,2
477,1
478,2
479,0
480,2
481,0
482,2
483,0
484,2
485,0
486,2
487,1
488,2
489,1
490,2
491,1
492,2
493,0
494,2
495,0
496,2
497,1
498,2
499,1
500,2
501,0
502,2
503,1
504,2
505,1
506,2
507,0
508,2
509,1
510,2
511,0
512,2
513,0
514,2
515,0
516,2
517,1
518,2
519,1
520,1
521,0
522,1
523,0
524,2
525,0
526,1
527,0
528,2
529,0
530,2
531,0
532,2
533,1
534,2
535,1
536,2
537,0
538,2
539,1
540,2
541,1
542,2
543,1
544,2
545,0
546,2
547,0
548,2
549,1
550,2
551,0
552,3
553,1
554,2
555,0
556,2
557,0
558,2
559,0
560,2
561,0
562,2
563,0
564,2
565,1
566,2
567,1
568,2
569,1
570,2
571,1
572,2
573,1
574,2
575,1
576,2
577,1
578,2
579,1
580,2
581,0
582,2
583,0
584,2
585,1
586,2
587,0
588,2
589,0
590,2
591,1
592,2
593,0
594,3
595,0
596,2
597,0
598,2
599,1
600,2
601,0
602,2
603,0
604,2
605,0
606,2
607,1
608,2
609,1
610,2
611,0
612,2
613,1
614,2
615,0
616,2
617,1
618,2
619,1
620,2
621,1
622,2
623,11
624,2
625,0
626,2
627,1
628,2
629,0
630,2
631,0
632,2
633,0
634,2
635,1
636,1
637,1
638,2
639,0
640,2
641,0
642,2
643,1
644,2
645,0
646,2
647,0
648,2
649,1
650,2
651,0
652,2
653,1
654,2
655,0
656,2
657,0
658,1
659,0
660,2
661,1
662,2
663,1
664,2
665,0
666,2
667,0
668,2
669,0
670,2
671,0
672,2
673,1
674,155
675,0
676,2
677,1
678,2
679,0
680,2
681,0
682,2
683,1
684,2
685,1
686,2
687,1
688,2
689,1
690,2
691,1
692,2
693,1
694,2
695,0
696,2
697,1
698,2
699,0
700,2
701,0
702,2
703,0
704,2
705,0
706,2
707,1
708,1
709,1
710,2
711,0
712,2
713,0
714,3
715,1
716,2
717,1
718,2
719,0
720,1
721,0
722,2
723,1
724,2
725,0
726,2
727,0
728,2
729,0
730,1
731,0
732,2
733,0
734,2
735,1
736,2
737,1
738,2
739,0
740,2
741,0
742,2
743,0
744,2
745,0
746,2
747,0
748,33
749,0
750,2
751,0
752,2
753,0
754,2
755,1
756,2
757,1
758,1
759,1
760,2
761,0
762,2
763,1
764,2
765,1
766,2
767,1
768,2
769,0
770,2
771,0
772,2
773,1
774,2
775,1
776,2
777,1
778,2
779,1
780,2
781,0
782,2
783,1
784,2
785,0
786,2
787,0
788,2
789,0
790,2
791,1
792,2
793,0
794,2
795,1
796,2
797,0
798,2
799,1
800,5
801,0
802,3
803,0
804,2
805,0
806,2
807,0
808,2
809,1
810,2
811,1
812,2
813,0
814,2
815,0
816,2
817,0
818,36
819,0
820,2
821,0
822,2
823,0
824,2
825,0
826,2
827,0
828,2
829,0
830,2
831,0
832,2
833,1
834,2
835,0
836,1
837,1
838,2
839,1
840,2
841,1
842,2
843,0
844,2
845,0
846,2
847,0
848,1
849,0
850,2
851,1
852,2
853,0
854,2
855,0
856,2
857,1
858,1
859,1
860,2
861,0
862,3
863,1
864,2
865,1
866,2
867,0
868,2
869,0
870,28
871,1
872,2
873,1
874,2
875,0
876,1
877,0
878,2
879,0
880,2
881,1
882,2
883,0
884,3
885,0
886,3
887,1
888,2
889,0
890,2
891,0
892,2
893,1
894,3
895,0
896,2
897,0
898,2
899,1
900,1
901,1
902,1
903,1
904,2
905,0
906,3
907,0
908,1
909,0
910,2
911,0
912,2
913,0
914,1
915,1
916,2
917,0
918,2
919,0
920,2
921,1
922,3
923,0
924,2
925,0
926,2
927,0
928,3
929,0
930,1
931,1
932,2
933,0
934,2
935,1
936,2
937,0
938,2
939,0
940,2
941,0
942,2
943,1
944,2
945,1
946,2
947,1
948,2
949,1
950,2
951,1
952,2
953,0
954,2
955,1
956,2
957,0
958,2
959,0
960,2
961,1
962,2
963,0
964,2
965,1
966,10
967,0
968,2
969,0
970,2
971,1
972,2
973,1
974,2
975,1
976,2
977,1
978,2
979,0
980,2
981,1
982,2
983,0
984,2
985,0
986,2
987,0
988,2
989,1
990,2
991,1
992,2
993,1
994,2
995,52
996,2
997,1
998,2
999,1
1000,2
1001,0
1002,1
1003,0
1004,2
1005,0
1006,2
1007,1
1008,2
1009,0
1010,2
1011,1
1012,2
1013,0
1014,2
1015,1
1016,2
1017,0
1018,2
1019,0
1020,1
1021,0
1022,3
1023,1
1024,1
1025,1
1026,2
1027,0
1028,2
1029,1
1030,3
1031,0
1032,2
1033,1
1034,2
1035,0
1036,4
1037,1
1038,2
1039,0
1040,2
1041,0
1042,2
1043,0
1044,2
1045,1
1046,2
1047,0
1048,2
1049,0
1050,2
1051,1
1052,2
1053,1
1054,2
1055,0
1056,2
1057,0
1058,2
1059,7
1060,2
1061,1
1062,2
1063,1
1064,2
1065,0
1066,2
1067,1
1068,3
1069,36
1070,2
1071,0
1072,2
1073,1
1074,1
1075,1
1076,2
1077,0
1078,2
1079,1
1080,2
1081,1
1082,3
1083,0
1084,2
1085,1
1086,2
1087,1
1088,2
1089,0
1090,2
1091,1
1092,2
1093,1
1094,2
1095,1
1096,1
1097,0
1098,2
1099,1
1100,2
1101,0
1102,2
1103,0
1104,2
1105,1
1106,4
1107,0
1108,2
1109,0
1110,2
1111,0
1112,2
1113,1
1114,2
1115,1
1116,2
1117,0
1118,1
1119,1
1120,2
1121,0
1122,2
1123,0
1124,3
1125,1
1126,2
1127,1
1128,2
1129,0
1130,2
1131,1
1132,2
1133,1
1134,2
1135,1
1136,2
1137,0
1138,2
1139,0
1140,2
1141,0
1142,1
1143,0
1144,2
1145,0
1146,2
1147,1
1148,2
1149,1
1150,2
1151,1
1152,16
1153,1
1154,2
1155,0
1156,2
1157,0
1158,2
1159,1
1160,2
1161,1
1162,2
1163,0
1164,2
1165,0
1166,2
1167,0
1168,2
1169,1
1170,2
1171,1
1172,2
1173,0
1174,2
1175,0
1176,2
1177,0
1178,2
1179,1
1180,2
1181,1
1182,2
1183,0
1184,2
1185,0
1186,2
1187,0
1188,2
1189,0
1190,2
1191,0
1192,2
1193,1
1194,2
1195,0
1196,2
1197,1
1198,2
1199,1
1200,2
1201,0
1202,2
1203,1
1204,2
1205,0
1206,2
1207,0
1208,2
1209,0
1210,2
1211,0
1212,2
1213,1
1214,2
1215,1
1216,2
1217,1
1218,2
1219,1
1220,2
1221,1
1222,2
1223,1
1224,1
1225,0
1226,2
1227,1
1228,2
1229,0
1230,2
1231,0
1232,2
1233,1
1234,2
1235,0
1236,2
1237,0
1238,2
1239,1
1240,2
1241,0
1242,2
1243,0
1244,2
1245,1
1246,2
1247,0
1248,2
1249,1
1250,2
1251,0
1252,2
1253,0
1254,2
1255,1
1256,2
1257,1
1258,1
1259,0
1260,3
1261,0
1262,2
1263,0
1264,3
1265,1
1266,2
1267,1
1268,2
1269,1
1270,2
1271,0
1272,2
1273,1
1274,2
1275,1
1276,2
1277,0
1278,3
1279,0
1280,2
1281,0
1282,2
1283,1
1284,3
1285,0
1286,2
1287,0
1288,2
1289,1
1290,2
1291,0
1292,2
1293,0
1294,2
1295,0
1296,2
1297,1
1298,2
1299,1
1300,2
1301,0
1302,2
1303,1
1304,2
1305,0
1306,2
1307,1
1308,2
1309,0
1310,2
1311,1
1312,3
1313,1
1314,2
1315,0
1316,2
1317,0
1318,2
1319,0
1320,2
1321,0
1322,1
1323,0
1324,0
1325,1
1326,2
1327,0
1328,2
1329,0
1330,2
1331,0
1332,2
1333,1
1334,2
1335,0
1336,2
1337,1
1338,3
1339,1
1340,1
1341,0
1342,1
1343,0
1344,2
1345,0
1346,2
1347,0
1348,121
1349,0
1350,2
1351,0
1352,3
1353,1
1354,2
1355,0
1356,3
1357,1
1358,2
1359,1
1360,1
1361,1
1362,1
1363,0
1364,2
1365,0
1366,1
1367,0
1368,2
1369,0
1370,2
1371,0
1372,2
1373,0
1374,3
1375,1
1376,2
1377,0
1378,2
1379,0
1380,2
1381,0
1382,2
1383,1
1384,1
1385,0
1386,2
1387,0
1388,2
1389,0
1390,2
1391,0
1392,2
1393,0
1394,2
1395,0
1396,2
1397,0
1398,2
1399,1
1400,2
1401,0
1402,2
1403,1
1404,2
1405,0
1406,2
1407,29
1408,2
1409,0
1410,2
1411,0
1412,1
1413,0
1414,2
1415,1
1416,2
1417,0
1418,2
1419,1
1420,1
1421,1
1422,2
1423,0
1424,2
1425,0
1426,2
1427,15
1428,2
1429,0
1430,2
1431,0
1432,2
1433,1
1434,1
1435,1
1436,2
1437,1
1438,2
1439,1
1440,2
1441,0
1442,2
1443,0
1444,2
1445,0
1446,2
1447,1
1448,2
1449,0
1450,2
1451,1
1452,2
1453,0
1454,2
1455,0
1456,2
1457,0
1458,2
1459,0
1460,2
1461,0
1462,1
1463,1
1464,3
1465,0
1466,2
1467,1
1468,2
1469,0
1470,2
1471,1
1472,2
1473,0
1474,2
1475,0
1476,2
1477,1
1478,2
1479,0
1480,2
1481,0
1482,1
1483,0
1484,1
1485,0
1486,2
1487,0
1488,2
1489,1
1490,2
1491,1
1492,2
1493,0
1494,2
1495,0
1496,2
1497,1
1498,2
1499,1
1500,2
1501,0
1502,2
1503,0
1504,2
1505,0
1506,2
1507,1
1508,1
1509,1
1510,2
1511,1
1512,2
1513,0
1514,2
1515,1
1516,2
1517,1
1518,2
1519,1
1520,2
1521,0
1522,2
1523,0
1524,2
1525,0
1526,2
1527,1
1528,2
1529,0
1530,2
1531,1
1532,2
1533,1
1534,1
1535,0
1536,2
1537,1
1538,2
1539,1
1540,2
1541,0
1542,2
1543,0
1544,12
1545,1
1546,2
1547,0
1548,2
1549,0
1550,2
1551,1
1552,2
1553,0
1554,2
1555,1
1556,3
1557,0
1558,2
1559,0
1560,2
1561,1
1562,2
1563,1
1564,2
1565,1
1566,2
1567,0
1568,2
1569,0
1570,2
1571,0
1572,2
1573,0
1574,2
1575,48
1576,41
1577,1
1578,2
1579,0
1580,2
1581,1
1582,2
1583,1
1584,1
1585,0
1586,2
1587,1
1588,2
1589,0
1590,2
1591,0
1592,2
1593,1
1594,3
1595,1
1596,2
1597,0
1598,2
1599,59
1600,2
1601,1
1602,2
1603,0
1604,2
1605,0
1606,2
1607,1
1608,2
1609,0
1610,2
1611,0
1612,1
1613,1
1614,2
1615,0
1616,2
1617,1
1618,1
1619,1
1620,2
1621,0
1622,2
1623,0
1624,2
1625,0
1626,2
1627,1
1628,2
1629,0
1630,2
1631,1
1632,2
1633,0
1634,1
1635,1
1636,2
1637,1
1638,2
1639,0
1640,1
1641,1
1642,2
1643,10
1644,1
1645,1
1646,2
1647,1
1648,2
1649,1
1650,2
1651,1
1652,2
1653,0
1654,2
1655,0
1656,38
1657,1
1658,2
1659,0
1660,2
1661,0
1662,2
1663,1
1664,2
1665,0
1666,2
1667,0
1668,2
1669,1
1670,3
1671,0
1672,2
1673,1
1674,2
1675,1
1676,3
1677,0
1678,2
1679,1
1680,2
1681,0
1682,2
1683,1
1684,2
1685,1
1686,151
1687,1
1688,2
1689,0
1690,2
1691,1
1692,2
1693,0
1694,1
1695,1
1696,2
1697,0
1698,2
1699,0
1700,1
1701,1
1702,2
1703,0
1704,2
1705,1
1706,2
1707,0
1708,2
1709,0
1710,2
1711,0
1712,2
1713,0
1714,1
1715,0
1716,2
1717,0
1718,2
1719,0
1720,2
1721,0
1722,2
1723,0
1724,2
1725,1
1726,2
1727,0
1728,2
1729,0
1730,2
1731,0
1732,2
1733,1
1734,2
1735,1
1736,3
1737,1
1738,2
1739,0
1740,2
1741,1
1742,2
1743,1
1744,2
1745,0
1746,2
1747,0
1748,2
1749,1
1750,2
1751,0
1752,2
1753,0
1754,2
1755,11
1756,2
1757,0
1758,2
1759,0
1760,2
1761,0
1762,1
1763,1
1764,2
1765,0
1766,2
1767,161
1768,2
1769,0
1770,2
1771,0
1772,2
1773,0
1774,2
1775,0
1776,2
1777,1
1778,2
1779,1
1780,2
1781,0
1782,2
1783,1
1784,2
1785,0
1786,12
1787,1
1788,3
1789,0
1790,2
1791,1
1792,2
1793,0
1794,2
1795,1
1796,2
1797,0
1798,2
1799,0
1800,1
1801,0
1802,1
1803,1
1804,2
1805,1
1806,2
1807,1
1808,1
1809,1
1810,2
1811,1
1812,2
1813,1
1814,2
1815,1
1816,2
1817,1
1818,2
1819,0
1820,2
1821,0
1822,1
1823,0
1824,2
1825,1
1826,2
1827,0
1828,2
1829,0
1830,2
1831,0
1832,2
1833,0
1834,2
1835,1
1836,2
1837,0
1838,2
1839,1
1840,2
1841,1
1842,2
1843,0
1844,2
1845,0
1846,3
1847,0
1848,2
1849,1
1850,24
1851,0
1852,2
1853,0
1854,2
1855,1
1856,2
1857,1
1858,2
1859,1
1860,2
1861,1
1862,2
1863,0
1864,2
1865,0
1866,2
1867,0
1868,2
1869,1
1870,2
1871,0
1872,1
1873,1
1874,2
1875,0
1876,1
1877,0
1878,2
1879,1
1880,2
1881,1
1882,2
1883,1
1884,2
1885,1
1886,2
1887,0
1888,1
1889,1
1890,2
1891,0
1892,2
1893,0
1894,2
1895,0
1896,3
1897,1
1898,1
1899,1
1900,2
1901,0
1902,2
1903,0
1904,2
1905,1
1906,2
1907,0
1908,2
1909,1
1910,2
1911,0
1912,2
1913,1
1914,2
1915,0
1916,1
1917,1
1918,2
1919,0
1920,2
1921,1
1922,2
1923,0
1924,2
1925,0
1926,1
1927,0
1928,2
1929,0
1930,2
1931,1
1932,2
1933,1
1934,2
1935,1
1936,2
1937,1
1938,1
1939,0
1940,2
1941,1
1942,50
1943,0
1944,2
1945,1
1946,2
1947,0
1948,2
1949,1
1950,2
1951,1
1952,2
1953,0
1954,2
1955,0
1956,2
1957,0
1958,2
1959,1
1960,2
1961,0
1962,2
1963,0
1964,2
1965,0
1966,2
1967,0
1968,2
1969,0
1970,3
1971,1
1972,3
1973,1
1974,2
1975,1
1976,149
1977,0
1978,2
1979,1
1980,3
1981,0
1982,2
1983,1
1984,2
1985,9
1986,2
1987,0
1988,38
1989,0
1990,2
1991,0
1992,2
1993,1
1994,2
1995,0
1996,2
1997,1
1998,2
1999,1
2000,2
2001,0
2002,2
2003,1
2004,2
2005,0
2006,2
2007,1
2008,2
2009,1
2010,2
2011,0
2012,2
2013,0
2014,2
2015,0
2016,2
2017,0
2018,2
2019,0
2020,2
2021,0
2022,2
2023,0
2024,2
2025,0
2026,2
2027,0
2028,2
2029,1
2030,2
2031,0
2032,2
2033,0
2034,2
2035,0
2036,2
2037,1
2038,2
2039,1
2040,2
2041,1
2042,2
2043,1
2044,2
2045,0
2046,2
2047,0
2048,2
2049,1
2050,2
2051,1
2052,2
2053,1
2054,1
2055,1
2056,2
2057,0
2058,2
2059,1
2060,2
2061,0
2062,3
2063,0
2064,2
2065,0
2066,2
2067,0
2068,2
2069,1
2070,2
2071,0
2072,2
2073,0
2074,2
2075,1
2076,2
2077,1
2078,2
2079,1
2080,2
2081,0
2082,2
2083,0
2084,2
2085,1
2086,2
2087,0
2088,2
2089,4
2090,5
2091,2
2092,2
2093,0
2094,1
2095,0
2096,2
2097,1
2098,2
2099,0
2100,2
2101,0
2102,2
2103,0
2104,2
2105,1
2106,2
2107,0
2108,2
2109,0
2110,2
2111,0
2112,3
2113,0
2114,2
2115,0
2116,2
2117,1
2118,2
2119,0
2120,1
2121,1
2122,2
2123,0
2124,2
2125,1
2126,1
2127,1
2128,2
2129,0
2130,2
2131,0
2132,2
2133,1
2134,2
2135,0
2136,2
2137,0
2138,2
2139,1
2140,2
2141,0
2142,2
2143,0
2144,2
2145,1
2146,2
2147,1
2148,1
2149,7
2150,2
2151,0
2152,2
2153,1
2154,3
2155,1
2156,2
2157,0
2158,2
2159,0
2160,1
2161,1
2162,2
2163,0
2164,2
2165,1
2166,2
2167,1
2168,2
2169,1
2170,1
2171,0
2172,2
2173,1
2174,2
2175,0
2176,1
2177,1
2178,2
2179,0
2180,2
2181,0
2182,2
2183,1
2184,2
2185,1
2186,1056
2187,0
2188,2
2189,0
2190,2
2191,0
2192,1
2193,0
2194,2
2195,1
2196,2
2197,0
2198,1
2199,1
2200,2
2201,1
2202,2
2203,1
2204,3
2205,1
2206,2
2207,1
2208,2
2209,0
2210,2
2211,1
2212,2
2213,0
2214,2
2215,1
2216,2
2217,0
2218,2
2219,1
2220,1
2221,1
2222,2
2223,1
2224,2
2225,0
2226,2
2227,1
2228,2
2229,1
2230,2
2231,0
2232,2
2233,1
2234,2
2235,1
2236,2
2237,0
2238,2
2239,0
2240,2
2241,0
2242,2
2243,0
2244,2
2245,1
